Features: [28.70838523644752, 114.40259332609627, 1.0000074668242462, 5.083350900554173e-11, 11912.22919013416, 1069764.5103390496, -902.8635376138718, 975.3337063930534]
Output: 0