Features: [20.649065743944636, 35.959086122585276, 0.9999989116458642, 3.4558612184311874e-13, 11103.388997578524, 236672.26169113346, -874.7194261480253, 363.005127642622]
Output: 1