Features: [18.38504805843906, 17.9585434461297, 1.000002959160668, 1.505828462276623e-11, 12886.964506462646, 135526.55613092834, -930.1350925753917, 171.54381889223126]
Output: 1