Features: [14.084086889657826, 13.412224013610238, 1.000000725029329, 5.05981727426518e-13, 11672.80559941418, 102678.72748532577, -911.6434653301561, 158.48593572498544]
Output: 0