Features: [11.904436755094196, 8.966308191345682, 1.0000013140044106, 1.3975954132948784e-11, 28161.024955687906, 186348.80714293732, -1108.0343235750013, 95.46704160259462]
Output: 0