Features: [20.086520569011917, 35.432311895300664, 1.000002348105747, 1.7859629531940829e-12, 12081.871907557632, 271112.2527815874, -897.744185392293, 370.0844633070352]
Output: 1