Features: [21.06632064590542, 26.943088262240842, 1.0000002271660042, 1.6827658344876723e-11, 9242.683756502725, 111942.56140898447, -863.7361607352663, 219.8420760218302]
Output: 0