Features: [21.476274509803922, 32.37371183116363, 1.0000061736002301, 4.1150145716644527e-11, 11194.604707018992, 248067.3987819404, -890.9052450410786, 319.743938173317]
Output: 1