Features: [20.85884275278739, 31.734447292652497, 1.0000026503335184, 4.937893593482213e-12, 10559.127699243701, 235219.93103418575, -897.0881985237114, 317.5779513473454]
Output: 1