Features: [15.131968473663974, 18.024853191900725, 1.0000039672412082, 1.1588192534095544e-11, 14270.775719336176, 191042.5927182845, -966.1271199869924, 224.79661557861454]
Output: 1