Features: [12.570645905420992, 6.967199704532058, 0.9999999063285434, 5.6384413100846094e-14, 31950.603356184092, 98234.85753210222, -1119.3617064506002, 62.998615398225084]
Output: 0