Features: [25.478196847366398, 53.50211329211062, 0.9999922541378373, 2.9002675651974844e-11, 12415.313703297568, 320867.8205724411, -898.5681131294285, 418.63072283300664]
Output: 0