Features: [19.383840830449827, 20.094276226633923, 1.0000058926356987, 9.809492025593329e-12, 15070.39889853975, 87638.0729248757, -936.129447069801, 152.84437431282402]
Output: 0