Features: [23.230411380238365, 33.24238267421766, 1.0000015551140622, 1.3758762934850886e-11, 12679.902706368192, 200748.4807537759, -906.8717337601983, 255.30515365083443]
Output: 0