Features: [21.797762399077275, 27.03485702783994, 0.9999965725057056, 4.300565445659291e-11, 10625.766428064795, 158528.35457907122, -864.9774217381215, 248.73981021483232]
Output: 1