Features: [16.47229142637447, 30.289734185680505, 0.9999976610359429, 5.261074654213713e-12, 20980.40285241441, 631172.1139297928, -1036.8832007222502, 339.4840224837425]
Output: 0