Features: [14.594279123414072, 10.86343319336706, 0.9999950044166617, 1.1710449940724576e-10, 13695.148342155804, 125273.2753309561, -952.8486447318769, 119.07995801386568]
Output: 0