Features: [15.669623221837753, 9.694656646254856, 1.0000025189677808, 8.235031117295661e-12, 14229.997419866873, 96234.92901014783, -961.4892162876483, 97.40953190151355]
Output: 0