Features: [19.876205305651673, 26.689953086966682, 1.000002238760088, 2.6867975459997437e-12, 13742.219865126017, 86094.28756201416, -904.2354913351148, 203.99340266208594]
Output: 0