Features: [21.117147251057283, 26.508968302759964, 1.0000069018344053, 1.1082141340396313e-11, 10842.936535192848, 180688.86467539734, -893.1975236790825, 252.85278061456583]
Output: 1