Features: [31.678423683198766, 107.2162822203213, 0.9999973313893802, 1.5160600760861673e-12, 9876.810589222227, 481767.5864978726, -848.3169908084957, 748.3725694065445]
Output: 0