Features: [21.63464052287582, 40.972432876244184, 1.0000083196539487, 1.806476833918317e-11, 11686.987319379867, 280642.4444578111, -889.3523002575024, 399.7663794698005]
Output: 1