Features: [23.83920415224913, 75.21311795683526, 0.9999992514751538, 1.2222463273243316e-11, 14229.461873936456, 723083.9270442803, -926.5258098378591, 712.8123886510259]
Output: 0