Features: [25.645551710880433, 51.70270987531635, 0.9999906483557486, 2.7410512832068585e-11, 12308.328508748105, 298296.65783288184, -895.4051971634592, 398.17462959409926]
Output: 0