Features: [19.46952710495963, 28.29077304943342, 0.999992455070426, 1.1758297491133491e-11, 15108.588205613283, 141794.0706705844, -940.8675269792859, 217.7934420816638]
Output: 0