Features: [19.78949250288351, 42.82385114628525, 1.000009992422503, 2.6207668982728858e-11, 12538.879317890834, 302240.02265276224, -904.3043603510735, 447.97137197902055]
Output: 1