Features: [16.80632833525567, 28.696354197369732, 1.0000000236876843, 2.7594235001688194e-14, 24790.884486847794, 947332.4602310081, -1106.6695690142415, 297.4981087165134]
Output: 0