Features: [12.08516339869281, 14.333415873423418, 0.9999982996372254, 6.279616487144341e-12, 25782.127422122237, 447832.47776936024, -1117.5663085300994, 159.62484663520462]
Output: 0