Features: [16.678700499807768, 16.385262878368284, 1.000004060168984, 2.7836076339998704e-11, 17992.321042608015, 89564.61276345131, -976.4572523122686, 147.53801607536056]
Output: 0