Features: [20.1841138023837, 35.822049278003725, 1.000000105434026, 1.9645700335846212e-13, 12085.909950422938, 325150.2358797547, -919.6238201110663, 380.6434370906494]
Output: 1