Features: [27.810149942329872, 38.630644975781216, 1.0000016961566178, 2.2253622053957422e-11, 10336.926379583516, 164248.0493654045, -861.7529304332589, 248.94035378194852]
Output: 0