Features: [22.249753940792, 36.81186795146219, 1.0000011478809965, 3.7884983952551896e-11, 11126.462839401342, 247323.6972313139, -894.4367665239117, 352.1727299870686]
Output: 1