Features: [12.44857747020377, 8.84191791296371, 1.0000058028550234, 9.314059635919076e-12, 27114.820465421803, 206496.2394384176, -1111.2111203334216, 94.3456271190631]
Output: 0