Features: [24.23896193771626, 43.16659702031027, 0.9999902657062927, 3.727985844346901e-11, 10777.41742526095, 175435.91410146514, -893.6904330915057, 305.8585214149612]
Output: 0