Features: [19.568100730488272, 35.55163169264298, 1.0000064491530545, 8.029529966845381e-11, 10897.5321852214, 249059.88568900715, -888.9035163845094, 384.2962900749669]
Output: 1