Features: [18.0981199538639, 43.38595891419929, 0.9999953239722592, 2.4256481237050444e-11, 15472.481879161433, 214861.16141942475, -939.3029012700605, 420.1620873010791]
Output: 0