Features: [17.45318339100346, 42.74233671725349, 0.9999967324122333, 1.2502816573431924e-11, 20956.78184847439, 541411.9831672686, -1025.7147245476178, 440.04102409897547]
Output: 1