Features: [19.265317185697807, 21.94579671485002, 0.9999971271705894, 8.466213411648881e-11, 10607.088724151612, 142153.73181553994, -893.5260409194756, 208.96606821437737]
Output: 0