Features: [15.251753171856977, 19.59785918524815, 0.9999869381643861, 4.398043632549324e-11, 12373.082993631559, 152490.514616825, -924.1817728425852, 215.6066454489409]
Output: 0