Features: [12.256958861976162, 8.486073537016862, 0.9999966562582749, 8.303602220588491e-12, 15281.813048203123, 86949.47253262938, -961.6581849888642, 104.1368258266044]
Output: 0