Features: [19.252814302191464, 33.491034869340915, 1.0000047851153255, 2.034142790757361e-11, 12175.792571252916, 243464.07182138582, -913.6778281636468, 356.46768618264696]
Output: 1