Features: [21.31180699730873, 23.521480051383545, 0.9999831194838711, 9.87384670057743e-11, 9520.91029494414, 98362.24195293011, -860.8566183377663, 196.44491549305656]
Output: 0