Features: [20.760096116878124, 38.54042346382612, 1.0000109577513077, 2.5818998208507993e-11, 10498.051143150602, 232037.09956367538, -885.1855212586694, 382.13271482023487]
Output: 1