Features: [15.534394463667816, 27.56539232735287, 0.9999985911000269, 3.4715828262230994e-11, 15819.929436124188, 301434.32698486507, -977.637060414797, 328.7609168710813]
Output: 1