Features: [19.369354094579005, 48.11582750329221, 1.00001205676105, 3.368955438707293e-11, 10514.698212861495, 289278.3120989581, -887.4321370996965, 522.8253368529885]
Output: 1