Features: [19.7718185313341, 36.78184607570419, 1.0000061956822088, 1.0698301738265289e-11, 12015.688513676978, 258580.57781872712, -906.5475857748185, 385.38129233382966]
Output: 1