Features: [10.178965782391389, 6.829315864096284, 1.0000055960576737, 1.1454392903350266e-10, 18014.10601107048, 93443.81278737745, -1019.2154171847977, 87.19710187377339]
Output: 0