Features: [15.692095347943098, 22.494527827155476, 0.9999967438307023, 3.3557978007460735e-12, 16516.75491985294, 317904.4224391207, -995.9349931217018, 256.9923199725485]
Output: 1