Features: [14.784775086505189, 16.406496103693, 0.9999878217119509, 6.211400925323172e-11, 12076.975019889816, 46479.17968920927, -909.9129329873424, 134.17248286000876]
Output: 0