Features: [26.578062283737026, 56.37039026045198, 0.9999921271587352, 2.433713126700344e-11, 12515.078166962845, 360398.5642698376, -900.1943407368827, 427.41066586185383]
Output: 0