Features: [17.919915417147248, 25.839386048278545, 0.9999974946179704, 1.2500100822481736e-12, 15274.637903339044, 321256.59016590205, -943.6613131156694, 285.43175319097935]
Output: 1