Features: [26.09643214148404, 33.185370334628644, 1.0000031700761176, 2.7824552307909186e-11, 11979.935291234066, 155987.4817953964, -882.0536436831117, 219.5738393674047]
Output: 0