Features: [20.18352556708958, 28.96847254464428, 1.0000016326368906, 1.6102878699618002e-12, 15855.428782526698, 193438.1811180924, -963.1571318764136, 228.71879039979524]
Output: 0