Features: [17.89051903114187, 25.998924411676754, 0.99999811711007, 1.1442953232142871e-10, 12284.004512767855, 154534.65827801757, -913.8452041317693, 262.00393994200965]
Output: 0