Features: [15.194713571703192, 15.091529883990134, 1.000000849194539, 1.0129941828538044e-12, 14701.61560280039, 168890.70635137445, -953.1923943134016, 179.768594399202]
Output: 1