Features: [19.806082276047675, 40.13252207601816, 1.00000726856191, 8.46036942007777e-11, 10899.242713037853, 281599.7118344979, -892.9444947630366, 426.6872454059366]
Output: 1