Features: [20.562891195693965, 44.73095873982161, 1.0000062567056547, 9.172821248447907e-11, 11576.022070431312, 310030.6943543361, -895.9195725298173, 464.94334448559107]
Output: 1