Features: [15.661664744329105, 16.030027334575877, 1.000002088331504, 1.7949737567149328e-12, 14285.777074357555, 180446.8441558724, -946.3257009377647, 186.837741050543]
Output: 1