Features: [21.72230680507497, 41.98408528101385, 1.000005379162393, 1.9876344636686924e-11, 11926.164837223787, 293222.0022765901, -899.9590596970423, 407.51314866721054]
Output: 1