Features: [21.7800153787005, 36.43293770700975, 1.000006315168753, 1.552642852361103e-11, 10712.077917636443, 247680.51866070746, -886.493711868466, 352.70127511293134]
Output: 1