Features: [19.638427527873894, 29.821271716051015, 1.0000076463446275, 1.1797026394837524e-11, 12852.69784274318, 238752.96990839802, -925.2061168549734, 296.7726968040126]
Output: 1