Features: [12.583671664744328, 11.07300707930186, 0.999994060148975, 1.373931912313408e-11, 12550.215898116847, 67364.29242117531, -926.724273878631, 132.5205023259412]
Output: 0