Features: [19.650672818146866, 34.67740028052383, 0.9999978410822734, 4.80401684041791e-12, 11199.791379451402, 214626.6759913003, -882.6392415348548, 356.26411802833115]
Output: 1