Features: [15.328131487889275, 19.86107536215111, 1.0000003824599002, 9.74421290359759e-12, 23063.384834994737, 352632.8087084148, -1057.149760846145, 205.52350102970905]
Output: 0