Features: [31.24701268742791, 137.03073585461837, 0.9999985387658508, 9.760325055944255e-11, 9887.627938892223, 704098.7593334911, -851.2829563212011, 1046.426876619062]
Output: 0