Features: [17.779577085736257, 23.28144361286531, 0.9999987314475237, 6.308075375947585e-11, 15952.556395360909, 153745.83440253302, -943.6794187507719, 200.50473490469903]
Output: 0