Features: [25.767427912341404, 44.47612577116333, 0.9999975170711581, 4.368161413215858e-12, 11947.949986339801, 202387.5329976708, -880.4155335803387, 323.68422092925425]
Output: 0