Features: [14.208646674356014, 19.543437172125397, 1.0000053687946657, 8.593417590136415e-11, 20946.449047622504, 292083.9903855236, -1028.7825538439126, 214.39564238105044]
Output: 0