Features: [20.609300269127257, 56.54758225813246, 1.0000054581539728, 1.3303844903844595e-11, 17159.786723778467, 725164.1179379026, -994.9385088696508, 556.4776214569665]
Output: 0