Features: [18.765836216839674, 53.58410406070714, 1.0000013835720523, 2.0082221360390105e-12, 22062.91299549929, 783880.5403682712, -1042.5158207623597, 525.8783602665857]
Output: 0