Features: [20.48671664744329, 30.11411060045372, 0.9999988237617623, 1.7701896048702782e-11, 11782.496246358029, 216302.61093856255, -888.2144768246153, 294.078024023903]
Output: 1