Features: [13.203479430988082, 10.086837134964657, 0.9999885540849902, 2.6765799016322358e-11, 18873.23226853896, 126205.27057311805, -1020.969746769788, 107.9969388830108]
Output: 0