Features: [22.090980392156865, 20.228475382889584, 0.9999986939147794, 1.6446943804417318e-11, 9901.272914329553, 57818.59400652868, -863.4420392313034, 137.92429126706713]
Output: 0