Features: [17.000330642060746, 14.221520859528033, 1.0000101126172238, 3.8345258217407336e-11, 12253.456292915584, 128250.71885759398, -936.4715321365167, 151.66455408650432]
Output: 1