Features: [15.064579008073817, 24.63681973350089, 0.9999980175325832, 1.0279671166306313e-12, 16271.76043952728, 324983.98211042385, -990.2818662748988, 301.68979152262216]
Output: 1