Features: [11.235094194540562, 11.650372448889541, 1.000007662507296, 4.302099955199717e-11, 16499.065860005285, 61284.87338700834, -978.0906382150515, 135.81725128635628]
Output: 0