Features: [16.991664744329103, 20.641668409497356, 0.9999859554889517, 4.412568670921287e-11, 13273.504803950687, 141523.82367434932, -933.0683218743957, 199.82461092042448]
Output: 0