Features: [22.401691657054975, 22.54566253815666, 0.9999928200592072, 3.8273076709756605e-11, 10940.873868194723, 63138.39064438628, -877.1961130152349, 142.14033670524915]
Output: 0