Features: [11.881287966166859, 14.589625077081966, 1.0000036859460724, 1.0870534628487894e-10, 17482.11047878861, 241815.04069744347, -1010.7697565356713, 206.26921061615832]
Output: 1