Features: [18.663767781622454, 33.074655202764866, 1.0000060921269056, 1.3215265341079829e-11, 12717.791018954911, 239604.9839580457, -922.5481719432466, 337.1301908344307]
Output: 1