Features: [19.72666282199154, 21.182616916703587, 1.0000053248734613, 9.791220208605002e-12, 11645.429870346794, 149870.7836156667, -907.0628767332378, 205.9467314949988]
Output: 1