Features: [15.706951172625912, 21.199521659090397, 1.000004449763606, 3.455827225045944e-11, 14784.680201227784, 244290.43042926033, -976.3492755869938, 254.08397635891038]
Output: 1