Features: [9.80489811610919, 8.417222516049415, 1.000005606814254, 8.880376080093233e-11, 26918.904567595964, 204693.09569879848, -1105.2500036524275, 113.09595388134997]
Output: 0