Features: [20.048654363706262, 32.55112981960181, 1.000009841397647, 4.2800300769205374e-11, 12272.686310993213, 246423.14482579188, -906.0497673529535, 335.5259941428068]
Output: 1