Features: [19.777443291041905, 32.41078950332738, 1.0000052453304478, 3.065496674724806e-11, 11297.16615257628, 216237.96559948527, -896.7448979166711, 332.8821786679992]
Output: 1