Features: [28.76477508650519, 58.52066268712488, 1.0000000284110697, 1.380565904924046e-11, 10036.700603931207, 210171.70948944165, -861.8914638662818, 373.12392483954613]
Output: 0