Features: [17.53101883890811, 18.942500266348326, 0.9999976952226601, 2.965764029823969e-11, 14408.849674066565, 256141.47258470824, -953.5533999351469, 175.82708808338268]
Output: 0