Features: [19.73073817762399, 26.97844152549201, 0.9999935128687025, 3.4104932140188096e-11, 12329.08487766971, 214680.3013350978, -896.3228606034313, 268.96009487584774]
Output: 1