Features: [23.036193771626298, 48.64597227056517, 0.999997196503859, 4.0777500606048736e-12, 9634.992004017264, 274452.78353626945, -846.2837611906357, 478.545561012193]
Output: 1