Features: [13.979677047289506, 10.708334621661653, 0.999992799962139, 1.0322423700868473e-11, 17170.38755707545, 62879.60639024073, -962.3673166181698, 102.18190376797924]
Output: 0