Features: [19.788550557477894, 32.622801073493605, 1.0000017328740873, 1.2382149054863656e-11, 13676.21255092406, 292172.697102792, -928.1060683272597, 331.4754161412897]
Output: 1