Features: [16.45598615916955, 14.009483497031358, 1.0000088638806808, 3.835305531515732e-11, 12179.648759774027, 126552.33581147381, -936.7588900378282, 153.30328751681134]
Output: 1