Features: [21.7399846212995, 42.96535478529018, 1.0000067546687363, 9.264238146136176e-12, 11727.091579964232, 325088.9212660842, -896.6315359163433, 427.12384655644905]
Output: 1