Features: [22.193344867358707, 32.27627707148686, 1.000006208796541, 9.919692245848429e-12, 11002.182834277828, 217214.1860986244, -881.4465824837887, 307.60732568488874]
Output: 1