Features: [22.580445982314494, 33.541879715857654, 1.0000070421424012, 3.949655281699533e-11, 10653.272671139614, 233585.44399001787, -881.282069168639, 315.26918082094113]
Output: 1