Features: [22.811887735486355, 43.56254851603079, 1.0000055950287032, 8.587467937493055e-11, 11135.809168611071, 298523.6378299162, -881.4141234292467, 406.5214903552134]
Output: 1