Features: [22.174040753556326, 37.66162127853999, 0.9999936841045793, 8.593521422008596e-12, 11070.240146277989, 273826.0603580095, -899.6670850443346, 337.80913696366434]
Output: 0