Features: [15.719796232218377, 13.413364477463432, 1.0000079104995423, 5.569633905746975e-11, 12100.61930205308, 109205.04773385942, -931.4187452605771, 144.32655749766442]
Output: 1