Features: [20.803713956170704, 60.485909329641494, 1.000003416074861, 3.389226159431085e-12, 14223.989918309537, 684150.7900158038, -970.5569235414898, 606.8582154622152]
Output: 0