Features: [23.39219915417147, 39.87670227806981, 1.0000051703551829, 5.9086816237688955e-12, 13285.019013180186, 231532.41477118374, -907.7482335230019, 317.26480274167244]
Output: 0