Features: [16.847131872356787, 14.313465718150866, 0.9999989962620173, 5.033218335770793e-13, 11156.81744775252, 74114.00634774224, -892.8362826132569, 143.9588515605218]
Output: 0