Features: [28.885624759707802, 92.44473188842426, 1.0000007066110155, 4.414322577489371e-11, 11352.397944641347, 564880.6203611792, -876.4044641423857, 711.1185986513657]
Output: 0