Features: [17.871418685121107, 20.232567800779314, 0.9999967072696285, 1.5903565380656738e-11, 15489.377438484384, 250143.26989605412, -955.6213159856387, 218.56149141655402]
Output: 1