Features: [22.437335640138407, 33.86413081088059, 0.9999939442950934, 3.424224958604122e-11, 12944.093221602137, 173915.87555247947, -911.6255461333797, 236.9943152229116]
Output: 0