Features: [19.456451364859667, 20.527347821106872, 1.0000021259508665, 2.2796535697929853e-10, 17613.990125365974, 312204.1360816663, -979.0390352658937, 175.14959132496656]
Output: 0