Features: [16.283590926566703, 37.68291440972705, 1.0000023820157296, 5.239856170901645e-11, 14214.487446505847, 377661.7968572304, -956.8770845110321, 454.0984560325127]
Output: 0