Features: [22.064375240292197, 26.324272918543016, 0.9999998649978644, 3.621812091991425e-13, 13227.02507089442, 302555.5356302327, -941.9938229123106, 210.43032006710547]
Output: 0