Features: [22.841680123029604, 32.40956304078769, 1.0000036291302121, 1.0854117746163589e-11, 11379.525980991488, 262462.89832755335, -909.3791392116951, 298.1815612860498]
Output: 1