Features: [21.817270280661283, 29.683870694396223, 0.9999971663363225, 4.096386818208515e-11, 10129.646025584989, 175445.27150112038, -856.9344356216857, 285.2943162915471]
Output: 1