Features: [20.03304498269896, 42.679886136051245, 1.0000111959721723, 2.5633350279632252e-11, 10602.229868073275, 246325.1742592874, -884.9810132284551, 438.45527345616256]
Output: 1