Features: [20.574455978469818, 28.620315936924847, 0.9999995991778272, 5.227147683914425e-14, 12347.997132778759, 200003.0948965569, -896.5204580946877, 280.79976747658856]
Output: 1