Features: [21.94442137639369, 29.90366552372944, 1.0000050862938052, 6.0865886859968956e-12, 11312.598804806776, 229094.56288786183, -906.9491097083132, 281.1524322737921]
Output: 1