Features: [12.888589004229143, 13.44236382883522, 1.0000024559935803, 4.365966887708476e-12, 22327.35149465791, 90113.50779813033, -1026.6871050248856, 114.8606145253348]
Output: 0