Features: [10.95117262591311, 7.816850393181223, 0.999983104202403, 8.681732586955903e-11, 24324.16289586536, 80267.416860158, -1060.5341038297017, 66.70515730084156]
Output: 0