Features: [11.421564782775857, 6.405513183998521, 0.9999968339213721, 4.064565727233016e-12, 22175.18715679738, 142600.08250768727, -1074.4377303208066, 73.22426186324292]
Output: 0