Features: [15.623275663206456, 17.483653442787578, 0.999996660562127, 5.0226705227932095e-11, 15999.59965391964, 221059.1731678439, -980.0435229361528, 198.87683727179677]
Output: 1