Features: [17.331680123029603, 17.73813698289231, 1.0000078225018982, 4.5498580496988496e-11, 11209.20390230073, 131617.61617146892, -913.2901333137411, 184.1775420326649]
Output: 1