Features: [19.826589773164166, 35.03670398866198, 1.000005159442394, 6.512129014416882e-12, 11739.612962339243, 291939.0872077727, -916.5326068107975, 372.97896107610245]
Output: 1