Features: [20.04642829680892, 29.442477410619432, 1.0000076148841388, 1.1833097174980643e-11, 10942.797588666353, 214779.96432548572, -901.7737805151337, 298.23265685247566]
Output: 1