Features: [15.795113417916188, 15.295251313464304, 0.9999998761800221, 1.1153853439181545e-11, 19406.724697991027, 112458.51145919214, -995.9517908403798, 138.16552650257458]
Output: 0