Features: [18.259504036908883, 19.937216110785176, 1.0000066720817347, 1.6466545115775234e-11, 12137.134563301932, 146188.1413712612, -915.6652516034708, 203.13684247767532]
Output: 1