Features: [20.760830449826987, 30.695643055335672, 1.0000087832048583, 2.51491148868928e-11, 10836.561388680338, 212389.75072427627, -883.039250214935, 310.5555134114313]
Output: 1