Features: [19.928777393310263, 33.62614951489246, 0.9999979704113093, 1.8986916264765406e-11, 11304.80909745245, 218404.26428181486, -883.1545577205268, 348.74566182809923]
Output: 1