Features: [20.91549788542868, 37.779764581998386, 0.9999960633979313, 3.388924470244282e-12, 10530.494333530076, 218191.7791960442, -866.8924136118183, 380.3935837496758]
Output: 1