Features: [21.528946559015765, 42.52522642391556, 0.9999972010446118, 1.2859535500825343e-11, 9278.280135385068, 224331.57914176126, -843.6587122517622, 436.6611905232413]
Output: 1