Features: [21.383956170703577, 23.191070706502288, 0.999993498081262, 8.357495646165919e-11, 10732.22962461467, 85623.93246764036, -875.7861103017447, 174.10410062874195]
Output: 0