Features: [20.239073433294887, 50.004828749522765, 0.9999903703213029, 8.97381796780869e-11, 11042.55798346438, 294302.8099497886, -900.9066785763116, 470.81516513329814]
Output: 0