Features: [26.28754709727028, 59.297778268095826, 0.9999910014554383, 3.831543005512843e-11, 12501.90823125746, 318097.3903319392, -896.9214829007278, 437.6819633123682]
Output: 0