Features: [19.296870434448287, 29.22070161001868, 0.9999998394560419, 1.2260772395696223e-11, 14017.713033510638, 222816.76572209655, -943.001130857909, 269.2984491959295]
Output: 0