Features: [20.166485966935795, 34.80015700894916, 1.0000022585350603, 6.984608396287502e-12, 10507.303639357233, 202851.0432244935, -865.369822532579, 361.03569389325463]
Output: 1