Features: [26.624494425221066, 71.1668086825358, 0.9999957893126901, 9.994710809637712e-12, 9457.810953845006, 386743.47541238763, -839.3874982106851, 631.3376992238809]
Output: 1