Features: [25.33527873894656, 68.65232576185099, 0.9999961223112621, 3.093586214962516e-11, 11004.227737644811, 381974.73157842853, -883.9632730644504, 556.3064971669644]
Output: 0