Features: [18.717804690503655, 30.406677486788645, 0.9999946369757117, 5.185907593116743e-11, 21426.94109456319, 113894.43033136355, -993.0493562820106, 211.0171657003489]
Output: 0