Features: [17.903660130718954, 20.596290130803215, 1.0000081287483764, 3.9457877552191256e-11, 13493.898230102905, 173098.06699809985, -941.3244549140586, 204.83352266395485]
Output: 1