Features: [18.276420607458668, 20.911618772169497, 0.9999954466820455, 4.1292441122840685e-12, 16606.314734871943, 283211.96638047165, -962.4801691968136, 215.9529886885519]
Output: 1