Features: [27.70655901576317, 81.54401935268442, 0.9999972545751432, 2.726967914939831e-12, 10039.834419251343, 467901.2114553544, -859.7481064777342, 675.8577598446462]
Output: 0