Features: [21.053637062668205, 52.66329565024013, 0.9999958679048923, 1.3817963414356989e-11, 12663.600456477316, 431467.4673540666, -896.3150139367654, 540.9976549515591]
Output: 1