Features: [17.628473663975395, 13.087522968851923, 1.000002400625019, 6.8119018509086696e-12, 20511.324488096776, 109372.0507977863, -1012.6436327171248, 102.16102148216123]
Output: 0