Features: [11.758623606305267, 8.556796252055188, 0.9999906643914948, 6.841328346411914e-11, 12497.375647249031, 49426.09407837249, -917.28556839688, 106.35548642397171]
Output: 0