Features: [20.659992310649752, 34.97332855014955, 1.0000016422728164, 1.0251557408236666e-12, 14147.317154150956, 405160.34557845845, -946.9162453368014, 353.1847396510739]
Output: 1