Features: [16.534671280276818, 12.181504641414191, 1.0000035735816142, 1.958047979260064e-11, 14734.560054104528, 137451.4382326073, -947.5388574925528, 129.23408067404597]
Output: 1