Features: [29.10344867358708, 70.68028375285523, 1.0000035736904895, 4.2698452775818106e-12, 14159.377636061487, 582899.1621586744, -920.6101704272153, 484.9926471263744]
Output: 0