Features: [14.506393694732793, 19.441768022723927, 0.9999959201727242, 3.94972466304024e-11, 14484.756458926557, 233577.68308834004, -965.4681964913135, 201.1323294843095]
Output: 0