Features: [17.146643598615913, 23.517782944276167, 0.9999961234791372, 7.797335722790863e-12, 14688.527963487975, 300934.252001625, -953.0537743932198, 269.66617979815277]
Output: 1