Features: [15.969261822376009, 17.231979826571305, 1.0000030807348228, 3.853034776655975e-12, 14428.55373122519, 202111.95493044116, -947.6754127684094, 200.33214873868]
Output: 1