Features: [14.793675509419455, 13.455324033609642, 1.0000030496161307, 6.468017998128173e-11, 13106.979608103764, 127021.30443691417, -944.1328124785499, 163.03417781496458]
Output: 1