Features: [19.45437908496732, 41.06562556506452, 1.000010451866989, 3.127988412973569e-11, 11354.816317548584, 304592.43630721845, -897.5394359243865, 455.37786933040286]
Output: 1