Features: [22.80598615916955, 39.95261150435885, 1.0000074372605203, 4.83693945845034e-11, 11112.714226410715, 262770.39635063475, -881.5950354193507, 368.89844891430516]
Output: 1