Features: [17.843744713571702, 20.415567793418106, 0.9999959908168577, 2.2781714504485712e-11, 16722.409432035263, 60142.33030446822, -942.4577257299786, 162.58099080907184]
Output: 0