Features: [16.10292964244521, 17.377238268486032, 0.999993755361082, 1.498268344625627e-11, 11368.54995399853, 98223.45851893371, -905.246355363348, 171.4516426347716]
Output: 0