Features: [4.521518646674355, 1.7157076057163712, 0.999997240637426, 1.3372561894707707e-11, 34209.30493312716, 96433.56486937164, -1230.0101980449315, 27.618087589403547]
Output: 0