Features: [17.139661668589003, 20.234619219798507, 0.9999893928863623, 2.6184504087643847e-11, 11584.719290584744, 133506.20886339524, -907.5669465179594, 196.15880244393938]
Output: 0