Features: [12.689819300269127, 13.746170062530291, 0.9999817107482072, 7.214910719662267e-11, 20228.05680696907, 98236.08321622564, -998.5825692842232, 135.490106490826]
Output: 0