Features: [22.85953094963476, 49.241076661816855, 0.9999972326814532, 5.5073118375774414e-11, 11807.238302159301, 353833.97341861436, -879.40729009372, 468.2307051261258]
Output: 1