Features: [8.760403690888118, 6.894716227396642, 1.0000031076876617, 2.4683362207709848e-11, 24048.99209454217, 75884.88753857085, -1102.9207880812241, 84.09382730000607]
Output: 0