Features: [21.517816224529028, 27.23129579777453, 1.000003705291743, 7.878207618849682e-12, 11028.636320602804, 205998.6619581598, -905.8211743531207, 258.83710569177737]
Output: 1