Features: [4.398477508650519, 1.167825671521068, 0.9999957907029954, 1.9835499898753054e-11, 41290.21320548069, 56527.50335688642, -1227.9144730885137, 21.599563828369327]
Output: 0