Features: [21.659946174548253, 25.74409330241629, 0.9999989288992133, 2.397747228525585e-11, 10511.26926993288, 144587.55961269158, -863.0720145899884, 236.3718267447207]
Output: 1