Features: [19.16931180315263, 22.303749608563024, 1.0000030102607216, 2.4340481781929674e-11, 12995.728403911722, 165389.10207908094, -928.1281959003826, 211.34801370908144]
Output: 1