Features: [11.35679354094579, 13.436021281791922, 1.0000141971659222, 6.236628518624133e-11, 20758.475301766674, 192087.38279138508, -1030.8796077224022, 173.7350968880683]
Output: 0