Features: [20.98089196462899, 29.415757213835942, 1.0000055808860608, 7.623538667135555e-12, 11074.248653740931, 211917.0867604377, -888.734234344476, 293.00138802133756]
Output: 1