Features: [21.342026143790847, 27.192357837749395, 0.9999962042033116, 8.76671979894166e-12, 12410.269691547555, 214328.6216479457, -898.4749096279728, 256.68592546461133]
Output: 1