Features: [24.12604382929642, 57.771618464669416, 0.9999880222373512, 4.368598861450715e-11, 10429.531250650023, 283356.6162568696, -890.4411588389852, 456.16193975521793]
Output: 0