Features: [19.39886582083814, 34.24200578381928, 1.0000056545990788, 3.633099434143221e-11, 13301.116604886802, 249673.9506643055, -927.181578181838, 341.47844231806545]
Output: 1