Features: [18.771976163014223, 14.110311163304681, 1.0000002074280094, 4.4555565035729805e-12, 12802.658303253253, 115331.80821495972, -911.6044223080311, 136.9636709634014]
Output: 1