Features: [18.234598231449443, 46.89837165711706, 1.000000860139696, 7.327744093239078e-13, 25314.128115824144, 603688.9374240681, -1072.3014906800508, 403.5890987712192]
Output: 0