Features: [12.273091118800462, 7.3652601213031215, 0.9999906153837619, 1.7858577390708357e-11, 15413.27346790187, 38888.6970078524, -964.2242833616867, 74.96019355762496]
Output: 0