Features: [16.818300653594772, 26.367180318337926, 1.0000093822633196, 2.6452946483174517e-11, 12758.822912009266, 242911.71143194442, -936.0900996587234, 309.2698491678336]
Output: 1