Features: [18.18716647443291, 37.39466134904197, 0.9999957118834103, 1.6622914146346004e-11, 10752.605098986889, 245849.74981289936, -907.2405751494985, 398.0535501801289]
Output: 0