Features: [22.08720492118416, 47.083556394614156, 0.9999946946824747, 5.165414236999106e-11, 9331.6641931469, 275326.99701908143, -860.5206388697725, 450.29667154172915]
Output: 0