Features: [19.504144559784695, 51.177574101700735, 0.9999868960347112, 3.5898006525972014e-11, 19342.365793449153, 591506.379044672, -1004.3327834251522, 500.80579290169817]
Output: 1