Features: [19.78590926566705, 23.134698384083492, 0.9999990227842976, 3.404915382054768e-11, 11784.341965945783, 173895.66980999752, -888.8021310045938, 229.22813008396514]
Output: 1