Features: [22.07220684352172, 49.295778811050845, 1.0000049756510447, 5.1167354182618514e-12, 12181.04066142555, 400550.7014721111, -909.9737106566826, 495.2415308058086]
Output: 1