Features: [16.174559784698193, 16.70760001855083, 0.9999955857736567, 3.7450881082092954e-11, 15705.653574968845, 219007.0227808458, -973.7504443698758, 186.27073481340838]
Output: 1