Features: [20.755601691657056, 37.39858296857699, 0.9999909663907093, 2.942171164620667e-11, 13134.80617029519, 216827.4635661168, -903.6275266454115, 326.57363742582885]
Output: 0