Features: [20.11496732026144, 35.32791292218812, 1.0000035341489206, 4.821182336390627e-12, 12381.779537819026, 144065.9203720368, -918.6294352235677, 283.21012670345857]
Output: 0