Features: [19.32072664359862, 23.185091445516555, 0.9999889562986705, 8.34648051901705e-11, 12677.489767108116, 141127.87540713255, -921.2741214284165, 197.78396889734924]
Output: 0