Features: [19.2820645905421, 30.616733958192835, 1.0000002624421296, 8.729376368622706e-14, 13900.528030178437, 309560.0382732776, -929.5119595410174, 317.0686710488889]
Output: 1