Features: [15.999404075355628, 18.10865571732458, 1.0000095023984519, 5.4605317926830645e-11, 11821.735981185362, 152596.92474108, -928.5935575400634, 204.40756338184363]
Output: 1