Features: [17.15051903114187, 23.320302410113175, 1.0000020374646725, 1.8948630316977912e-11, 14754.974712756179, 258567.12744013596, -967.1107764084115, 256.52138119290186]
Output: 1