Features: [18.824313725490192, 35.854694374697814, 1.0000080005202667, 8.702750660247424e-11, 11084.950032362973, 251672.29297158215, -896.5404070939904, 396.0976976083814]
Output: 1