Features: [20.66864667435602, 38.92405609771242, 1.0000007186273667, 1.6914869754366122e-11, 11229.111746334926, 209669.09515945884, -869.6614255655468, 390.56449755327293]
Output: 1