Features: [20.550061514801996, 41.44873450948463, 0.9999986635470062, 1.328110118661272e-12, 9202.8728198685, 209066.63493868173, -841.9586623490106, 441.43996683423177]
Output: 1