Features: [19.51829296424452, 22.547552179100087, 0.9999993915479064, 2.1062674986262555e-11, 11268.400384640516, 155433.18535850162, -885.1063386457066, 232.97802349427374]
Output: 1