Features: [18.486774317570166, 25.74860599571248, 1.0000003472369932, 1.2488879549264932e-11, 10583.544733032351, 140823.8756747362, -870.9437652218281, 277.1767524761021]
Output: 1