Features: [20.12530180699731, 21.32740813706793, 0.9999964524934484, 1.9148234744969782e-11, 13377.078996453882, 225839.0100762632, -918.8633211768389, 212.94420542196758]
Output: 1