Features: [16.650845828527487, 19.29159642628504, 0.999998955665589, 5.660587261021652e-11, 8532.191122988126, 83180.45772605993, -857.0764930513351, 196.27792803653472]
Output: 0