Features: [20.61828143021915, 50.73642757805719, 1.000007399663216, 9.824984085197363e-11, 10439.476770727491, 311273.50032045133, -880.604739718176, 542.302828121542]
Output: 1