Features: [20.155724721261052, 34.707084784975336, 1.0000078073010452, 3.8624166878546854e-11, 11123.678497688039, 262325.7190727775, -903.9264593476178, 355.698258706911]
Output: 1