Features: [15.31082276047674, 14.557178064435924, 0.999997932151999, 8.590079559614246e-11, 12261.529638487076, 104317.2480582328, -914.6764113227426, 154.54057550461178]
Output: 0