Features: [19.506501345636295, 31.04495582264296, 0.9999944928694255, 1.0821922235554145e-11, 15362.046593139805, 160991.60107752142, -948.4772139298432, 252.47899983549482]
Output: 0