Features: [14.889684736639753, 18.492460465535313, 0.9999900088206315, 2.1056886212285275e-11, 15922.490803402885, 265398.165701637, -969.848277766711, 210.94771812451913]
Output: 0