Features: [21.071545559400228, 38.279366680797786, 1.0000017634361642, 1.9117182245705777e-11, 10968.62100992689, 243578.8120427266, -873.0167957789834, 385.34227498321644]
Output: 1