Features: [15.034540561322567, 10.657639909649383, 1.0000027390349693, 4.540483306977137e-12, 22654.29353955089, 126046.28115354865, -1047.2466579594798, 97.63099815742622]
Output: 0