Features: [9.084375240292195, 6.728447862583832, 1.0000051103936396, 8.397463425540472e-12, 14780.928979351715, 83824.30764953587, -983.9226845068326, 108.93386270534054]
Output: 0