Features: [4.222879661668589, 1.8693627941431445, 1.000005435058137, 1.4983687137284793e-11, 33120.08539486612, 117952.67552050205, -1226.5509891330892, 32.39684073974957]
Output: 0