Features: [8.718977316416762, 4.666383552595111, 0.9999999937461501, 2.4059091439835587e-18, 33795.637401532455, 84777.5890380906, -1144.826090222055, 56.00479315545847]
Output: 0