Features: [17.66313725490196, 21.117911465986023, 0.9999962594319443, 9.313439719041433e-12, 15153.48132267384, 286081.0440462326, -955.4752032312548, 231.65978268052268]
Output: 1