Features: [12.839069588619763, 8.658665500049457, 0.999986501102117, 3.6081059752297913e-11, 17772.228295950998, 71461.22532588, -984.3345679249386, 90.49539499556013]
Output: 0