Features: [36.60504421376394, 114.47898160329608, 1.0000047727234531, 5.101270193428523e-12, 8710.648909944288, 464757.91100901127, -835.8162288201468, 683.9837567488162]
Output: 0