Features: [84.21694348327566, 445.73845680367845, 1.0000076083408147, 4.9121479782831855e-11, 8772.337849366486, 440873.10534386965, -783.4075937380375, 677.425169999613]
Output: 1