Features: [97.02480199923104, 604.9394728334462, 1.0000117147967809, 5.961541699924364e-11, 10584.375875143047, 900908.9699398718, -849.2788481503424, 638.6001134846398]
Output: 1