Features: [138.9015417147251, 945.3582577429846, 1.0000151591241253, 8.807583775980713e-11, 7568.897992835158, 145317.46773860196, -724.258176177885, 403.70958655888666]
Output: 2