Features: [235.6627643214148, 4176.487602055911, 0.9999976577182215, 1.9828477281529568e-11, 4404.884627691624, 354325.77208323515, -624.1002091015253, 1298.44538460669]
Output: 3