Features: [142.14737408688967, 1322.5535645917384, 0.9999987413166105, 1.2457305967160675e-11, 5679.039660587528, 299339.675740909, -681.8745642317045, 776.5723148780501]
Output: 2