Features: [207.8100461361015, 5683.039704816739, 1.000008323167817, 1.7722007422195492e-11, 5203.062386222434, 459272.41854705603, -664.9837869357682, 1949.8673620763348]
Output: 2