Features: [142.64427143406385, 874.1588891150911, 1.0000107914218899, 2.49073600088712e-11, 5605.662103259076, 143472.11997049858, -689.9465817408309, 458.0383792612393]
Output: 2