Features: [241.25675124951943, 3501.7780009637436, 1.000009344372107, 3.34195100237483e-11, 4818.254366021526, 239224.8011106826, -629.9345887600728, 880.4993184666093]
Output: 1