Features: [216.7726566705113, 2561.48060495728, 1.0000017723205783, 1.910472994415564e-10, 5243.473197350736, 260870.2052434918, -652.2138011549473, 713.2638358139474]
Output: 3