Features: [153.10054594386776, 1232.475099355541, 0.9999991433010808, 2.2742012204632844e-12, 5992.410047958308, 282518.24385793513, -697.0069095463882, 636.3448395787544]
Output: 2