Features: [249.62673971549404, 4506.178032414217, 0.999998421463706, 9.250149001126734e-13, 5354.862370256139, 684857.3982479968, -660.5951779510119, 1156.0728830535863]
Output: 5