Features: [186.35592848904267, 2462.8281903472052, 1.0000011261254855, 2.3630122604827633e-11, 4544.340516963088, 244825.47330985585, -640.3330918333435, 943.4396337792073]
Output: 2