Features: [133.007293348712, 1118.6575325039266, 1.0000174308848826, 1.1074117013564134e-10, 8002.068339431393, 412975.36707827664, -753.4272906290514, 689.0395465770098]
Output: 1