Features: [83.50941945405614, 389.0782346688592, 0.9999868387260838, 8.777932793635047e-11, 8142.595466817201, 215415.17807914314, -768.2037401483499, 479.820408357333]
Output: 2