Features: [150.5605728565936, 1353.1336869317408, 1.000001197645739, 7.596583339190708e-13, 5953.899570855499, 344477.5508545597, -686.2636537330686, 745.1162599501708]
Output: 2