Features: [136.6204459823145, 1882.5803725010392, 1.0000155041735874, 6.827004001776413e-11, 6112.612423671197, 580099.3769373866, -703.0094595075791, 1444.3052117198267]
Output: 2