Features: [102.28388312187619, 511.25263965514216, 0.9999964116408636, 6.213448597869762e-11, 7442.801232129421, 320516.6945480987, -743.2216655320433, 575.3984526075616]
Output: 1