Features: [112.68393310265284, 624.0977424044466, 1.0000145643166465, 9.6393403637729e-11, 7389.793956238935, 192319.95112779902, -744.5969348727201, 419.41940720503163]
Output: 2