Features: [59.88041906958861, 170.96700539083756, 0.999991982599151, 1.2776692867598675e-11, 18221.0671551746, 391414.62969396525, -916.6943774334181, 313.3444730534342]
Output: 2