Features: [89.06199538638987, 484.8512762320448, 1.000000438338477, 3.331852948622768e-11, 9179.881046612274, 292679.07241365674, -788.8086844921365, 552.0800723780025]
Output: 1