Features: [225.68417916186087, 2218.6435564531366, 1.000003604532208, 7.965130445756875e-12, 4667.416543955456, 171465.43209087127, -634.8236893056899, 556.661723587765]
Output: 1