Features: [139.12773164167626, 1285.0644595637445, 1.0000049656485765, 1.1850038908400261e-11, 6115.415947324314, 356753.39611710893, -697.825430314218, 937.6026851918168]
Output: 2