Features: [236.3900269127259, 2930.1896434254677, 1.0000140314943038, 4.27194691626733e-11, 4657.370172476827, 270955.8172251883, -625.7770864333535, 905.7778058449715]
Output: 5