Features: [129.89493271818532, 852.0892290164325, 1.0000110767033696, 3.1336960986614464e-10, 6721.572564767492, 216136.97830498524, -738.7677127244615, 466.08452995422033]
Output: 2