Features: [112.20571318723566, 553.5110513598634, 1.0000004721261884, 3.3909024670221134e-11, 7795.663383812307, 321646.19847471046, -752.0634397611275, 509.56556817046135]
Output: 2