Features: [111.52294502114572, 663.4275835601055, 1.0000048831373818, 5.4163071560590664e-12, 9786.529156167511, 424153.13773175585, -786.4076527799531, 593.8288869324776]
Output: 1