Features: [264.02156862745096, 2963.6235103864574, 1.0000071695869104, 1.4459441391652977e-11, 4644.832871744327, 128219.49923855503, -612.5164092602649, 541.0588218878737]
Output: 1