Features: [98.14479046520569, 396.68125806177846, 0.9999891843686847, 2.2969493578705112e-11, 9052.710951407948, 298204.00242637406, -793.8732329366021, 352.12854413123245]
Output: 1