Features: [216.47323721645517, 2064.1228010357563, 0.9999905787513282, 1.510887846250457e-11, 5010.6398984321095, 228585.29293798126, -640.6301543050703, 589.6883379359032]
Output: 2