Features: [149.88002691272587, 1246.4725565759693, 1.0000124623615012, 1.1530833316577374e-10, 5587.512935456493, 280154.5228839333, -687.2085334533347, 720.433313564233]
Output: 1