Features: [203.9087735486351, 1470.7544563843107, 1.0000146354267374, 5.74729965222599e-11, 4639.433129639281, 144792.989868882, -646.0703177880885, 442.55868579182624]
Output: 1