Features: [157.16943867743177, 1748.4543591104389, 1.0000060054093218, 8.55668283549765e-12, 8826.259542984637, 406500.59387891786, -747.9572130899354, 754.7085153835746]
Output: 1