Features: [84.82410611303342, 517.1020305964594, 1.0000156855812823, 9.715898976334598e-11, 7024.735650206992, 308046.5486278548, -749.2867325552274, 721.947702744614]
Output: 4