Features: [84.42748173779316, 275.6358457511017, 1.0000057356015748, 5.544727264271451e-11, 7449.622006675159, 329932.2472367812, -769.7712052325545, 433.8516858427032]
Output: 1