Features: [169.36227989234908, 1899.6514345199623, 0.9999934392404976, 1.897647340550486e-11, 5670.136627952723, 353096.26683689636, -666.3819627301186, 820.5697572536504]
Output: 1