Features: [144.74663590926565, 1706.5778575407896, 1.000008338322666, 1.5232641279180586e-11, 5763.318092688274, 360994.5245532449, -687.5268696964722, 1008.9795092708739]
Output: 2