Features: [327.05416378316033, 6121.725460462983, 1.0000166211883486, 8.070536042788674e-11, 4404.828510886225, 228420.48941332934, -593.557433914199, 823.2621858435156]
Output: 2