Features: [182.0324183006536, 1802.5619679017975, 1.0000060555268855, 2.4730604750113543e-11, 4386.9580135038705, 189692.8696004956, -635.7980912933476, 698.7412072735368]
Output: 2