Features: [221.47318723567855, 3002.1181966942895, 1.0000085886876267, 8.139633439129505e-11, 6248.211492431222, 188518.03904234004, -658.8994507593912, 725.2229669414788]
Output: 1