Features: [156.05079584775086, 1623.219352065136, 1.0000077967780976, 3.061912685582142e-11, 5272.789195493586, 279886.986312042, -669.2454123492594, 969.472905873025]
Output: 1