Features: [191.1716493656286, 1912.6642461772853, 1.0000048777080783, 1.6828006178045402e-10, 5251.5744879884, 234199.10302394268, -659.2325090757032, 693.363481432939]
Output: 2