Features: [177.97990772779696, 2000.2710452184347, 1.0000128576641156, 2.179982057220929e-10, 5212.764178327296, 359358.79517866205, -665.8031479919198, 885.3798051482647]
Output: 3