Features: [133.96146097654747, 1421.7808978673058, 1.0000165881303578, 1.1168727736784952e-10, 8107.359507008294, 361591.5905424831, -714.9598207805797, 1031.6280570194053]
Output: 1