Features: [142.21285274894268, 1098.2779608911414, 1.0000133027062073, 1.1354213758744544e-10, 6687.585153464502, 224074.98883959514, -715.5739789707543, 518.2145616501267]
Output: 2