Features: [248.00283737024216, 4493.179004493077, 1.000004429968815, 1.203350236198294e-11, 4069.7172622030894, 339673.59525257844, -605.9188746433463, 1238.2759071485775]
Output: 2