Features: [198.7472702806613, 1510.7360259295629, 1.0000056438629221, 7.690655230377927e-12, 6089.33528500454, 127429.2395251091, -666.5141266061873, 417.1757276394192]
Output: 2