Features: [118.19308342945021, 880.70932846931, 1.0000134541630614, 1.2262823095645428e-10, 6709.119111817785, 383183.85743453854, -715.2859886642832, 764.9566364161835]
Output: 3