Features: [179.65818146866587, 2443.401260169786, 1.0000096180938538, 3.1621200947732575e-11, 4497.227709913482, 249787.4918434252, -638.4233028234196, 1036.3092454932985]
Output: 6