Features: [123.60248750480585, 908.9249328599572, 1.000007718823956, 5.0162283409666094e-11, 6994.749901246454, 479050.27334701386, -722.074565219948, 860.3518009447307]
Output: 1