Features: [162.19960399846212, 1492.2465954145475, 1.0000011016103478, 6.959674773326581e-13, 6343.605307265696, 962692.9165433967, -703.2987231302071, 1058.2713750802295]
Output: 3