Features: [146.3700576701269, 1135.1298619719348, 1.0000009722611123, 3.3877153544524008e-12, 5491.3631437266085, 280234.4192993558, -672.7791284983869, 717.0849127653325]
Output: 1