Features: [184.3464436755094, 1389.1806437837977, 1.0000134842046426, 5.893988707788695e-11, 4994.046771244667, 152207.6374684148, -654.4764929296074, 455.2659930116411]
Output: 1