Features: [202.09253748558243, 2779.0427954122697, 1.0000070974729889, 1.4080066179760126e-11, 4778.962452842303, 334242.8122007928, -640.9647095659943, 1093.984915745813]
Output: 3