Features: [141.83755478662053, 1411.26612319699, 1.000016739855806, 9.951287553654962e-11, 5607.672771323009, 277867.99617405137, -685.1028524800241, 798.3408308644879]
Output: 4