Features: [138.2764590542099, 1068.1372966974222, 1.0000109854835102, 4.030276176131201e-11, 5822.676336830554, 427049.982389167, -701.0381897256506, 818.4752170443511]
Output: 4