Features: [77.00268358323721, 397.0215537973813, 1.0000235295445947, 1.1237994627430218e-10, 7888.240857640859, 267159.6238592063, -757.3853335052374, 623.7491264164472]
Output: 1