Features: [192.83044213763935, 2503.8681965268433, 1.0000114098485557, 4.992823593013897e-11, 4987.9371083894775, 302609.57828169374, -652.6293135175207, 958.8560648968536]
Output: 2