Features: [196.24203767781623, 2836.5202678595365, 1.0000119474264846, 6.951240821353106e-11, 6286.576851469632, 565974.1059431797, -680.8488476787733, 1092.3398928690533]
Output: 2