Features: [215.4256093810073, 3370.4251419205275, 1.000004334437015, 8.176127254648954e-12, 3942.9487461659155, 392160.1521732905, -613.3183183839767, 1377.3119174354463]
Output: 1