Features: [153.07526336024603, 1662.2893401229016, 1.0000148855248747, 7.610381059743035e-11, 6290.988924258481, 270976.0478418671, -696.647637963013, 750.483967112656]
Output: 2