Features: [164.13840445982314, 1663.3934463665296, 0.9999920696678568, 5.8072314639446425e-11, 6449.894543577347, 405686.3202207809, -697.1901130342759, 691.9595529427575]
Output: 1