Features: [214.40362552864286, 2932.602824811549, 1.000015254882779, 7.468751775349963e-11, 4364.73169816548, 308114.0179195895, -622.270252567237, 1005.6850436830604]
Output: 2