Features: [67.0947635524798, 251.42095850609613, 1.00000658123191, 1.463399045272752e-10, 12623.170046342508, 532220.3847994222, -886.234925356094, 399.5454636162791]
Output: 1