Features: [218.59022683583234, 3473.2832983642656, 1.0000050076141984, 4.67649372164457e-11, 4813.22487976774, 308912.6752533806, -634.9141391319199, 1097.0863378302438]
Output: 1