Features: [126.11159169550172, 935.5765825232235, 1.0000095565731055, 8.18228496082419e-11, 5402.56563060935, 243630.2889757259, -682.4192013021126, 687.6580822376992]
Output: 2