Features: [91.79211841599384, 624.5963570616751, 1.000000939836201, 5.322779810819546e-13, 5680.907306564875, 137963.86376587182, -718.694424257538, 484.5731772953092]
Output: 2