Features: [102.23522875816992, 813.3453779046479, 1.0000017029088633, 1.0143489375135472e-11, 6153.469493816962, 399913.1338317523, -721.4848368637904, 1101.244833649607]
Output: 1