Features: [105.00223760092273, 503.204608196741, 1.0000181776042623, 4.0190035832730683e-10, 7759.557570235091, 254104.0192046676, -758.0061245446639, 428.6053836939169]
Output: 3