Features: [150.8809381007305, 1344.5580054022912, 1.0000124230848915, 4.237163196790278e-11, 6999.330012412283, 416654.0484662479, -716.6626533142177, 789.2090587596019]
Output: 2