Features: [74.87571318723568, 243.35479835486032, 0.9999998033880217, 1.2599575182394612e-11, 7750.588178156656, 350718.89149204403, -790.0291728236381, 476.2343830571067]
Output: 3