Features: [98.6321107266436, 614.2616708622851, 1.000012020449531, 1.2030021082207545e-10, 6720.937356507693, 322172.6222084187, -741.1895904447657, 683.5653610662471]
Output: 1