Features: [231.2940176855056, 2740.7115330563593, 0.9999922028133178, 1.0395486618479148e-11, 6517.668516645581, 367131.97353631293, -674.6901971267941, 704.4272063527951]
Output: 3