Features: [208.8920761245675, 2467.058686044347, 1.0000065524563644, 1.9578510979210778e-11, 4618.385026830806, 274379.1779600366, -637.6031380039133, 859.3940422532852]
Output: 5