Features: [123.55506343713958, 906.6426764956734, 1.000011550353785, 5.018996096288452e-11, 9623.603512655543, 482852.99618597387, -781.9500247545358, 632.1765483926116]
Output: 1