Features: [137.41660130718955, 820.7226225981469, 1.0000089569220014, 6.970046786478349e-11, 7546.547121097037, 246983.41725041904, -710.8158955041849, 524.8607742495604]
Output: 2