Features: [67.72916955017301, 240.76312310524065, 1.0000065665493723, 8.299933509505151e-11, 9076.851590200262, 666674.7967334588, -841.3972264171559, 546.0755434997878]
Output: 3