Features: [177.85876201460974, 2204.6191806991087, 0.9999980570114154, 4.101960867155685e-11, 5031.5758760347835, 271456.89989592624, -652.3932903441486, 872.2582269331333]
Output: 1