Features: [112.2092118415994, 845.4459164723714, 1.0000003151851407, 1.1768288679090714e-10, 7558.769325856128, 409802.5805691949, -732.4109250033159, 702.2188656437735]
Output: 2