Features: [92.0510188389081, 487.4846106181915, 1.0000043802312502, 6.576816759928877e-11, 8706.128416654701, 369028.78129269165, -776.676366249405, 613.1986255699948]
Output: 4