Features: [150.51431372549018, 2984.5563017049594, 0.9999947703066236, 9.463927701404091e-11, 6977.3326120427155, 750920.4920462308, -713.1648095532173, 1840.772519330333]
Output: 7