Features: [281.1330103806228, 3837.849378190184, 0.9999980019144556, 3.950999606884623e-11, 5974.10926879234, 192726.6073916779, -643.0660079238656, 577.5700367025204]
Output: 2