Features: [165.5146059207997, 2105.6062905054714, 0.9999968977854312, 1.1252879216518775e-11, 5753.474066751779, 408999.68449037697, -671.1977568040758, 1027.487810295806]
Output: 5