Features: [139.9231257208766, 975.4823573665745, 1.000005648317963, 1.3195124918066845e-11, 6778.284162968461, 432271.907647863, -725.6162279790278, 607.2333456361213]
Output: 2