Features: [111.45219915417145, 889.9731832035591, 0.9999937707777825, 1.057352750689369e-11, 6345.714919881552, 348441.3114181133, -717.2646685292603, 1028.974549819157]
Output: 1