Features: [237.2665397923875, 2961.7559973710613, 0.9999977222985275, 8.577986108578236e-12, 5759.30045064902, 336524.8985127724, -668.2301313694593, 683.6207372391607]
Output: 2