Features: [194.89721261053444, 1781.835385716447, 0.9999933223668183, 1.5859803390476386e-11, 4772.175577732694, 161950.87210335222, -657.4792168388101, 494.1098057113558]
Output: 2