Features: [155.9519223375625, 1363.349216360416, 1.0000101530120866, 1.122026680173243e-10, 6401.425271017726, 382305.84649492754, -709.3747462419622, 678.0972357848359]
Output: 4