Features: [268.7541138023837, 3996.258102642671, 1.0000061648060652, 5.386584618528631e-11, 4652.787025571716, 193542.26453855465, -618.3315545018186, 730.7844261499963]
Output: 2