Features: [213.3297424067666, 2954.065570879975, 1.0000052316527044, 4.7011766375665264e-11, 4472.418936363902, 284207.9503432369, -626.3787784764236, 1007.3007751905329]
Output: 1