Features: [79.7614648212226, 404.9915438377517, 1.0000174054978812, 1.0769113852468838e-10, 15197.511455739095, 206782.04809003763, -890.0818105627127, 243.2558814721349]
Output: 2