Features: [251.8465513264129, 4461.9543644682835, 1.0000037249018996, 4.84815668352236e-12, 6235.493956412174, 434667.08272027434, -659.7222395277317, 970.4168215409077]
Output: 2