Features: [127.40783160322954, 1043.5836465770512, 1.00000325455465, 9.817358986121885e-11, 5884.44108506009, 300964.83355187357, -699.1349936234144, 796.3822262728677]
Output: 2