Features: [193.30073433294888, 2156.0993234023786, 1.0000066356472794, 1.4304851321351995e-10, 4897.0385027610555, 225814.63137918158, -653.6705089853604, 736.0897249344939]
Output: 2