Features: [147.69905420991924, 1156.0222876790792, 1.0000044724500354, 7.1975935314485396e-12, 6836.793095118384, 230758.37052564195, -711.5078485198433, 540.2968543677437]
Output: 4