Features: [131.820430603614, 1126.4167806024404, 1.000002543263738, 1.0162906957065862e-11, 5986.881515874075, 371706.6270600445, -702.8697997959075, 859.0430842973042]
Output: 2