Features: [167.45880046136102, 1901.4974078742678, 1.0000072829144337, 3.767815421821203e-10, 5862.677125448543, 244494.15284063073, -690.7854114448946, 702.7328292617229]
Output: 1