Features: [237.04900038446752, 3868.5407292671243, 1.0000086528999705, 2.871529763994212e-11, 5280.468286759846, 636874.4185165998, -686.8176735839675, 1010.0507706579901]
Output: 2