Features: [72.37175701653211, 328.82793638095865, 1.0000172093410238, 7.290646381332943e-11, 9166.022515412269, 490326.67002933327, -801.3540542179857, 640.8466586669563]
Output: 1