Features: [132.7361207227989, 1163.8542460434655, 1.0000007150732952, 2.854028851266929e-11, 6093.942310242075, 232676.19592133161, -705.9543937331546, 680.412079673942]
Output: 2