Features: [115.71430219146484, 598.4254171249029, 0.9999893855123708, 3.93521777544842e-11, 9209.678617645568, 413149.2191978864, -759.3006591218018, 507.23482956561406]
Output: 2