Features: [121.20886582083816, 815.3231757795247, 1.000011309172486, 1.122279723579104e-10, 9312.887744857488, 718138.4393287613, -767.4995857430902, 720.8345553990996]
Output: 2