Features: [60.16947327950788, 248.24175495226228, 1.000009626738414, 1.89838569658647e-11, 7780.586160311512, 311219.9436725867, -785.3347360800108, 613.7104426948329]
Output: 2