Features: [66.2026797385621, 179.56957312616456, 1.000016386631819, 6.688828332281423e-11, 11184.890213306006, 218877.61475757952, -829.246076083257, 309.9417057082457]
Output: 2