Features: [98.22910419069588, 487.3242198097582, 1.0000136022877097, 1.2394390243041943e-10, 7073.08732098656, 208693.70611854456, -756.4776656591165, 410.2102521580993]
Output: 2