Features: [119.79624375240293, 1826.3846281843075, 1.000000520178239, 7.654632362748659e-11, 5793.228937397248, 679626.2622726195, -700.4277680062846, 1953.2469800871088]
Output: 2