Features: [162.94875816993462, 1956.7701802277847, 1.0000127656884508, 8.556454059627543e-11, 9333.231728426577, 488536.2388095977, -780.9777690639866, 660.6957151593116]
Output: 2