Features: [200.21677816224525, 2727.281841544216, 0.9999971415316282, 1.0170841919377438e-10, 4258.616473265347, 212054.07579176436, -627.9803121284531, 898.3151004953638]
Output: 4