Features: [152.97302960399844, 1413.1336080338633, 1.000003801702636, 2.564548631736293e-10, 6033.796350126242, 350484.62625654734, -695.7499870089837, 820.3594549469665]
Output: 5