Features: [99.64194156093808, 564.3831280497211, 1.0000050297928804, 1.9130378629287565e-10, 8416.359557188738, 246607.47564865742, -767.3313927853808, 503.32621313711104]
Output: 2