Features: [92.50194540561323, 559.1924975433551, 0.9999961678007268, 2.9157422845984067e-12, 8247.48836542666, 298441.58008760534, -750.2799635251614, 630.3653677495895]
Output: 2