Features: [121.9157631680123, 1029.2907181529117, 1.0000066952745534, 4.5391372666957416e-11, 7335.30701090584, 322482.79927183, -739.1052776153346, 740.1903123140951]
Output: 3