Features: [121.05825836216836, 876.7912158474974, 1.000013474499529, 3.4429769931525946e-10, 6601.352345751382, 210834.1166311461, -713.5361328881435, 618.1414269989871]
Output: 2