Features: [140.24813917723952, 1312.6654560827224, 1.000004069576449, 2.0862949657555387e-10, 7323.909881754822, 435089.6116808875, -727.953910098511, 731.652540804709]
Output: 2