Features: [88.22331026528256, 406.252318005791, 1.000013953684332, 1.0147943924606112e-10, 7342.804158823839, 246963.91333598946, -749.7616012564439, 453.5844091914508]
Output: 2