Features: [120.75470972702804, 670.4911615841129, 1.0000220019574324, 2.334593973136465e-10, 9586.931270727713, 218198.882758654, -783.0971248427336, 331.8459556781843]
Output: 2