Features: [175.4034486735871, 1895.7937511123027, 1.00001759878928, 8.054257757545736e-11, 5950.982049822555, 343313.6287774925, -675.2474360402606, 818.6303543408278]
Output: 2