Features: [55.03520184544405, 164.2815022531924, 1.000005724469922, 2.6760252308898518e-11, 11712.451024547887, 440777.6029045157, -882.9605253066084, 409.88912753921056]
Output: 1