Features: [113.61587466359089, 515.3303183006534, 1.0000052487803208, 6.239934873141039e-12, 7342.954701836413, 213290.3787251257, -734.2090112646003, 436.46149329257855]
Output: 1