Features: [109.75433679354094, 676.900992885489, 1.0000056198328307, 6.529066045754333e-11, 8266.266812131435, 384394.5860372586, -757.7140726131864, 610.4510101737142]
Output: 3