Features: [90.21047289504034, 436.8280923169018, 0.9999984926933997, 4.881518377392061e-11, 9285.587787039705, 240056.4937945236, -802.849346183347, 446.0368447798396]
Output: 3