Features: [171.82324875048056, 2421.9633999419543, 0.9999890691532987, 2.6843083383736774e-11, 12657.11839463809, 822720.1876772841, -817.0001440176605, 714.0813299670808]
Output: 6