Features: [127.37867743175701, 1011.7211295313766, 1.0000221162073388, 1.3454652891742222e-10, 7481.568176441882, 285952.2485090867, -739.918186619639, 568.552419524311]
Output: 2