Features: [75.76528642829679, 241.46528942290124, 0.9999994833242227, 7.418193462592669e-11, 8116.161702628022, 259873.75892185228, -788.8211318147681, 378.9071445971417]
Output: 3