Features: [170.52921568627448, 1121.1678002107992, 1.0000040044989034, 4.526106290811647e-12, 4796.779362962903, 156661.15295987905, -646.1647131469222, 522.0785421841792]
Output: 1