Features: [265.6817685505574, 2761.570826102814, 1.0000044614489743, 2.2945189946211677e-11, 3767.8607916856863, 140582.5451084234, -600.0063344090278, 569.6694747192273]
Output: 1