Features: [69.77460592079969, 227.42567009593665, 1.0000139756948674, 5.38044525031276e-11, 8886.722161741653, 242091.36702299558, -800.4067973708891, 420.9290256688739]
Output: 1