Features: [147.20916570549787, 1005.3236643455841, 0.9999994012025438, 6.854972349249266e-12, 8167.115186308874, 312553.07241219585, -722.5900715744705, 514.1685238010263]
Output: 1