Features: [106.2762552864283, 768.6023559642349, 1.000007641828532, 6.392081117875485e-11, 8161.572341725368, 299576.3917377865, -740.5629694836691, 685.3902896676229]
Output: 1