Features: [225.34299884659745, 4425.9066060060595, 1.0000032002219137, 1.1020248500170082e-10, 5412.569499750384, 327339.67715576955, -653.6933206290005, 1110.912168998038]
Output: 7