Features: [190.3651518646674, 1977.9119370012522, 1.0000089014801317, 4.746532261035477e-11, 5807.02218526131, 243552.55333934395, -659.1216613654894, 746.6693292358727]
Output: 2