Features: [92.51809688581312, 336.06316889711024, 1.000005603668329, 1.2516408985729897e-10, 8902.424249281463, 262703.31312838185, -768.2459262961879, 398.93383676767036]
Output: 2