Features: [191.01284121491733, 2173.7561355745092, 0.9999940691695732, 7.224683433308754e-11, 4520.40444695009, 251060.37807834044, -640.2592719895904, 845.2528628650978]
Output: 3