Features: [99.8022645136486, 493.6023492886466, 1.0000197379575249, 2.3135554530641913e-10, 9960.894993500297, 212227.19841570655, -795.0464542109021, 398.2161053229722]
Output: 1