Features: [87.3242829680892, 353.1202695315036, 0.9999964332485108, 2.11458325302483e-10, 6990.977510289613, 202333.93126582584, -739.9077879564986, 471.16954214864825]
Output: 2