Features: [259.04873510188384, 4563.107307784169, 0.9999988099556044, 5.194051082445334e-11, 4290.254782893811, 361578.4247522504, -612.863670855342, 1165.4191508051747]
Output: 6