Features: [171.70838139177238, 1654.6764553731362, 1.000011932046506, 8.307828226295941e-11, 6488.53606934499, 239870.15703500377, -700.4554280893115, 575.1067545417114]
Output: 5