Features: [132.9750557477893, 1585.9575713493796, 1.0000165400570462, 1.0296665942651828e-10, 5641.381908426372, 433822.2945098731, -688.9115393563568, 1201.0837840705965]
Output: 1