Features: [80.47261822376008, 309.0626279954725, 1.0000405977167313, 1.0333458400998734e-09, 21961.863127524994, 203227.64302652836, -944.7789372567659, 216.72177681527796]
Output: 1