Features: [117.11377931564782, 649.4150397285771, 1.0000089544946447, 7.705860437028677e-11, 7559.733915452917, 169341.94355184463, -730.3154203372712, 457.33145024738303]
Output: 2