Features: [214.33204152249135, 3107.6607972691995, 0.9999912379777056, 1.297872686670278e-11, 5109.463877166577, 301137.39087598847, -640.6817385120405, 932.1013689389288]
Output: 2