Features: [175.82728181468667, 2280.318364024486, 1.0000158658485465, 5.223739926752419e-11, 6205.144309493244, 461744.2641502636, -681.8601119821808, 1141.8672446930514]
Output: 1