Features: [106.32853133410225, 484.5115877710507, 1.0000126975501729, 1.0274642696572677e-10, 6451.438581950898, 374645.6698756012, -741.2692720848601, 577.4798381717658]
Output: 1