Features: [172.91479430988082, 1021.3430378585347, 1.0000057334734622, 2.0499771722914545e-11, 7071.7154460668935, 188825.26955850422, -706.9378746639326, 374.73039387655814]
Output: 2