Features: [217.63467128027685, 1989.616184550262, 1.000001210815789, 1.848941086185158e-11, 4982.605042180654, 123800.4486705786, -645.5670430846902, 440.25471146768655]
Output: 3