Features: [154.64816224529028, 1736.6529693640591, 1.0000121483356597, 1.117664245200145e-10, 5105.975036396879, 360068.4440205615, -664.5985120676293, 1252.5520874398112]
Output: 2