Features: [151.98239523260284, 1353.1883030757417, 1.000015287198685, 5.014004339837973e-11, 7114.475117552662, 302101.7246756946, -719.6470217551441, 659.2125349731634]
Output: 2