Features: [99.41542868127641, 385.7675283860889, 1.0000031248524537, 6.571770982023998e-12, 8121.865675617916, 174616.3103038595, -756.8800203830386, 374.7129848436284]
Output: 1