Features: [96.73634755863128, 463.3554149834725, 1.000006430212144, 3.11669926616421e-11, 10060.403913280683, 211778.24405761564, -795.1225269189868, 363.25770288393056]
Output: 1