Features: [95.05237216455211, 484.346765055052, 1.000014511013382, 7.192196192836249e-11, 11013.556586848725, 224335.88619523923, -822.4942000113008, 327.3661733075496]
Output: 3