Features: [94.24740099961551, 285.81223911619225, 0.9999896687641585, 2.4568871776901515e-11, 9802.182183130997, 181554.1457264006, -812.7894277507337, 252.68078604581387]
Output: 1