Features: [120.10686274509803, 791.7898841272407, 1.0000044014326785, 2.2499037068769078e-10, 6877.234528963027, 313131.3761782436, -737.5144909822606, 618.764064647848]
Output: 2