Features: [123.76369473279509, 896.2780176308004, 1.000004994705388, 1.9127191305272498e-11, 8516.343721737992, 331276.1638636388, -763.1450942927038, 575.1454562247113]
Output: 1