Features: [106.22928873510186, 452.0625514548941, 0.9999976971952722, 1.969987945353595e-12, 6935.252680857345, 167077.8453341131, -733.40248995061, 401.3282183599903]
Output: 2