Features: [75.19116878123798, 349.18948455407326, 1.0000269670810327, 1.9302078664004433e-10, 12718.092187875336, 509197.0900736557, -847.5538776581848, 501.56473608310023]
Output: 1