Features: [117.98171856978084, 858.2624288127882, 1.0000108834354846, 5.286316851672845e-11, 8041.046004469874, 206852.98411248196, -744.218233472456, 498.55326708760003]
Output: 2