Features: [63.43505574778929, 204.10855756232516, 1.000015796340556, 1.2062310882878953e-10, 8564.682499749764, 204143.0613506881, -791.213244472964, 423.135010286005]
Output: 1