Features: [130.38994232987312, 659.9697041123245, 1.0000020754626024, 2.4690936183672484e-11, 5813.009592083607, 190583.9450850076, -695.60679116032, 447.9520188420341]
Output: 2