Features: [199.08410226835832, 2322.4536324130922, 1.0000125581902959, 1.4646779252712822e-10, 4821.572686864676, 300174.8684130362, -642.4619461857116, 844.6687236355529]
Output: 4