Features: [156.48564398308343, 1481.2591824210986, 1.000007175672002, 1.0373954855446247e-10, 6005.056164404753, 380571.0173198619, -691.4720517987441, 816.7200215780045]
Output: 2