Features: [117.00640522875817, 642.302937773527, 1.00001810564284, 4.0259376161248593e-10, 6914.59601974812, 127995.41706041072, -727.0521893843586, 372.91660170851964]
Output: 1