Features: [197.5848404459823, 2569.654721923962, 0.9999900298525446, 7.199345766849664e-11, 5801.73612303729, 447154.85945832555, -667.2355980318513, 1003.7423892001341]
Output: 3