Features: [86.93274125336409, 319.3514372262998, 1.0000063850428504, 8.211506854435291e-11, 7585.840616091081, 199070.90849702072, -745.685176918433, 411.6500945207798]
Output: 2