Features: [81.87044213763936, 428.2806922455668, 1.0000024125274027, 1.3291924120386235e-11, 9751.267715667396, 444479.96972506365, -815.4641188238924, 629.7491646498316]
Output: 4