Features: [157.39805459438674, 1595.3596540850149, 1.0000067059767408, 1.1933412647255576e-11, 5682.083652289532, 259948.4177193999, -677.5592568238316, 974.6999656008506]
Output: 2