Features: [241.45971933871587, 2130.127737499285, 0.9999973604471963, 3.419205485978785e-11, 4758.21371462211, 138274.6403764944, -628.1464021928687, 448.41050005604075]
Output: 1