Features: [52.59631295655517, 107.07945390150249, 1.000007195541858, 3.672647366870844e-11, 10900.762982287857, 324844.31630172563, -885.844297949057, 270.16416090105764]
Output: 1