Features: [132.50976163014224, 745.5169377353749, 0.9999987647527022, 1.136518958975578e-11, 6033.86339111911, 330236.36826920573, -698.4313164238772, 618.914656407731]
Output: 1