Features: [73.70932718185314, 222.12929596468746, 1.0000038233302608, 8.246248315566424e-12, 9729.076457015715, 352900.7694324575, -824.4982285133531, 372.28117756248736]
Output: 1