Features: [129.89753171856978, 1069.97601521161, 1.000007519818994, 3.537748409847019e-11, 6631.568549930267, 254522.4963319474, -720.8653020614854, 644.0665356721221]
Output: 2