Features: [127.52863129565552, 776.7603998120833, 1.0000366613089802, 4.05936940291705e-10, 10748.838035413755, 373365.36101995304, -814.2508364433373, 392.07476179411674]
Output: 1